0.0 0.0
0.0 0.8975979010256552
0.0 1.7951958020513104
0.0 2.6927937030769655
0.0 3.5903916041026207
0.0 4.487989505128276
0.0 5.385587406153931
0.0 6.283185307179586
0.8975979010256552 0.0
0.8975979010256552 0.8975979010256552
0.8975979010256552 1.7951958020513104
0.8975979010256552 2.6927937030769655
0.8975979010256552 3.5903916041026207
0.8975979010256552 4.487989505128276
0.8975979010256552 5.385587406153931
0.8975979010256552 6.283185307179586
1.7951958020513104 0.0
1.7951958020513104 0.8975979010256552
1.7951958020513104 1.7951958020513104
1.7951958020513104 2.6927937030769655
1.7951958020513104 3.5903916041026207
1.7951958020513104 4.487989505128276
1.7951958020513104 5.385587406153931
1.7951958020513104 6.283185307179586
2.6927937030769655 0.0
2.6927937030769655 0.8975979010256552
2.6927937030769655 1.7951958020513104
2.6927937030769655 2.6927937030769655
2.6927937030769655 3.5903916041026207
2.6927937030769655 4.487989505128276
2.6927937030769655 5.385587406153931
2.6927937030769655 6.283185307179586
3.5903916041026207 0.0
3.5903916041026207 0.8975979010256552
3.5903916041026207 1.7951958020513104
3.5903916041026207 2.6927937030769655
3.5903916041026207 3.5903916041026207
3.5903916041026207 4.487989505128276
3.5903916041026207 5.385587406153931
3.5903916041026207 6.283185307179586
4.487989505128276 0.0
4.487989505128276 0.8975979010256552
4.487989505128276 1.7951958020513104
4.487989505128276 2.6927937030769655
4.487989505128276 3.5903916041026207
4.487989505128276 4.487989505128276
4.487989505128276 5.385587406153931
4.487989505128276 6.283185307179586
5.385587406153931 0.0
5.385587406153931 0.8975979010256552
5.385587406153931 1.7951958020513104
5.385587406153931 2.6927937030769655
5.385587406153931 3.5903916041026207
5.385587406153931 4.487989505128276
5.385587406153931 5.385587406153931
5.385587406153931 6.283185307179586
6.283185307179586 0.0
6.283185307179586 0.8975979010256552
6.283185307179586 1.7951958020513104
6.283185307179586 2.6927937030769655
6.283185307179586 3.5903916041026207
6.283185307179586 4.487989505128276
6.283185307179586 5.385587406153931
6.283185307179586 6.283185307179586
